version https://git-lfs.github.com/spec/v1
oid sha256:9d5d6fb3c2c1443d15d2d4fd321be4ff6fba36dde1b022445256da74ea5e2698
size 82906
